5557
5362
5649
5266
5531
5061
5695
5831
5905
5966
5342
5753
5415
5253
5052
5975
5441
5469
5155
5029
5804
5070
5984
5187
5158
5552
5669
5634
5165
5128
5338
5297
5813
5282
5533
5909
5639
5680
5541
5267
5004
5664
5121
5082
5891
5591
5723
5918
5828
5217
5582
5197
5051
5596
5964
5419
5183
5478
5332
5492
5427
5434
5619
5981
5182
5377
5884
5473
5593
5646
5823
5287
5789
5075
5145
5225
5172
5768
5933
5746
5748
5220
5234
5623
5754
5717
5219
5215
5364
5101
5316
5573
5678
5692
5414
5983
5383
5742
5659
5871
5111
5919
5449
5912
5863
5328
5494
5083
5398
5640
5792
5210
5326
5688
5592
5228
5062
5022
5068
5921
5251
5948
5867
5973
5887
5762
5518
5559
5274
5159
5411
5775
5024
5072
5153
5123
5351
5777
5892
5428
5609
5564
5382
5278
5880
5442
5000
5043
5418
5091
5408
5895
5520
5337
5026
5651
5769
5047
5853
5602
5295
5258
5956
5379
5729
5222
5002
5808
5142
5839
5550
5476
5242
5361
5708
5161
5581
5325
5356
5485
5791
5567
5705
5935
5098
5157
5527
5555
5375
5806
5886
5870
5681
5298
5254
5501
5829
5417
5403
5544
5577
5565
5894
5978
5850
5135
5413
5350
5401
5397
5353
5317
5763
5774
5615
5696
5781
5169
5412
5945
5315
5322
5859
5536
5302
5802
5250
5036
5694
5241
5154
5616
5152
5739
5119
5597
5391
5522
5751
6000
5246
5841
5946
5233
5331
5049
5460
5206
5914
5389
5663
5505
5897
5515
5607
5778
5586
5466
5001
5629
5635
5764
5493
5638
5264
5730
5780
5969
5849
5252
5500
5236
5305
5452
5257
5613
5221
5868
5059
5725
5289
5662
5118
5594
5467
5950
5450
5782
5510
5837
5608
5431
5827
5137
5848
5683
5785
5407
5621
5508
5471
5980
5985
5665
5620
5136
5133
5967
5132
5371
5114
5943
5997
5057
5174
5633
5436
5560
5822
5309
5369
5958
5146
5063
5902
5006
5439
5916
5568
5086
5453
5130
5339
5934
5212
5745
5702
5932
5285
5112
5941
5917
5124
5529
5858
5313
5239
5031
5195
5816
5760
5156
5714
5306
5595
5970
5861
5200
5229
5814
5632
5263
5357
5422
5722
5600
5920
5959
5675
5014
5446
5711
5965
5150
5240
5507
5951
5176
5576
5099
5989
5899
5372
5658
5990
5755
5539
5820
5028
5569
5700
5244
5750
5368
5647
5698
5617
5843
5147
5928
5185
5480
5994
5852
5479
5726
5073
5551
5281
5474
5556
5758
5080
5109
5561
5283
5276
5554
5721
5273
5003
5432
5770
5957
5864
5065
5402
5105
5138
5214
5465
5495
5103
5900
5386
5248
5173
5235
5358
5347
5269
5671
5587
5163
5143
5936
5743
5054
5224
5321
5395
5084
5019
5766
5575
5982
5741
5216
5126
5194
5131
5666
5738
5039
5399
5040
5107
5463
5610
5424
5207
5110
5447
5435
5171
5443
5232
5833
5186
5279
5923
5455
5048
5794
5771
5535
5793
5872
5940
5030
5660
5519
5991
5862
5677
5875
5100
5034
5196
5179
5430
5546
5184
5538
5847
5693
5756
5191
5736
5343
5865
5652
5676
5199
5144
5167
5734
5926
5496
5181
5017
5089
5888
5855
5497
5209
5699
5706
5213
5226
5074
5642
5095
5314
5542
5523
5487
5423
5277
5707
5384
5448
5931
5949
5759
5787
5015
5088
5486
5020
5308
5786
5857
5727
5333
5913
5456
5268
5732
5164
5925
5737
5599
5995
5265
5067
5058
5499
5096
5457
5825
5903
5644
5012
5180
5134
5094
5904
5731
5310
5879
5532
5704
5795
5767
5021
5907
5490
5348
5409
5307
5516
5491
5188
5475
5323
5203
5202
5589
5104
5824
5284
5939
5482
5893
5817
5974
5477
5396
5175
5757
5090
5097
5687
5889
5716
5319
5773
5149
5908
5426
5942
5077
5810
5819
5504
5125
5992
5511
5749
5562
5335
5102
5113
5293
5291
5851
5673
5042
5761
5976
5178
5464
5032
5148
5445
5574
5390
5584
5570
5807
5937
5612
5444
5437
5545
5069
5832
5392
5580
5255
5630
5299
5141
5381
5481
5571
5588
5025
5160
5549
5606
5890
5355
5834
5684
5223
5719
5818
5053
5429
5979
5378
5656
5655
5451
5280
5603
5087
5483
5938
5170
5064
5041
5327
5249
5604
5352
5509
5066
5668
5055
5120
5740
5720
5856
5845
5752
5601
5915
5231
5842
5259
5166
5799
5468
5788
5922
5733
5367
5998
5245
5830
5033
5838
5590
5598
5744
5579
5747
5648
5044
5697
5898
5703
5420
5127
5092
5400
5300
5553
5108
5713
5812
5637
5667
5929
5534
5168
5986
5270
5093
5458
5406
5388
5286
5013
5547
5201
5129
5585
5366
5462
5955
5977
5883
5988
5472
5140
5710
5798
5288
5346
5498
5116
5972
5512
5715
5122
5558
5605
5027
5290
5301
5345
5373
5410
5303
5376
5679
5502
5724
5370
5626
5797
5275
5334
5776
5354
5488
5459
5081
5993
5530
5243
5624
5035
5336
5528
5256
5968
5139
5906
5674
5682
5294
5821
5503
5927
5190
5292
5261
5363
5809
5910
5470
5018
5614
5341
5803
5393
5304
5117
5728
5901
5911
5271
5524
5953
5701
5023
5654
5404
5238
5924
5661
5076
5643
5349
5318
5866
5540
5438
5960
5078
5672
5840
5115
5050
5071
5227
5296
5009
5869
5548
5952
5007
5783
5344
5844
5735
5525
5416
5645
5380
5008
5971
5543
5860
5611
5260
5996
5963
5686
5038
5085
5691
5537
5885
5517
5625
5526
5359
5583
5636
5385
5877
5037
5211
5718
5189
5192
5765
5874
5882
5247
5374
5506
5835
5205
5394
5151
5784
5690
5177
5461
5962
5779
5056
5079
5045
5365
5999
5944
5016
5005
5641
5387
5811
5011
5566
5262
5670
5685
5815
5329
5854
5628
5930
5563
5650
5010
5489
5878
5208
5484
5330
5230
5060
5772
5272
5800
5947
5881
5631
5826
5440
5513
5572
5622
5360
5709
5320
5425
5846
5324
5689
5162
5218
5046
5657
5312
5578
5627
5805
5454
5193
5790
5618
5954
5873
5514
5433
5204
5340
5712
5876
5796
5405
5106
5836
5521
5198
5896
5987
5311
5801
5237
5421
5961
5653
